0 1 0
0 51 0
1 2 0
1 52 0
2 3 0
2 53 0
3 4 0
3 54 0
4 5 0
4 55 0
5 6 0
5 56 0
6 7 0
6 57 0
7 8 0
7 58 0
8 9 0
8 59 0
9 10 0
9 60 0
10 11 0
10 61 0
11 12 0
11 62 0
12 13 0
12 63 0
13 14 0
13 64 0
14 15 0
14 65 0
15 16 0
15 66 0
16 17 0
16 67 0
17 18 0
17 68 0
18 19 0
18 69 0
19 20 0
19 70 0
20 21 0
20 71 0
21 22 0
21 72 0
22 23 0
22 73 0
23 24 0
23 74 0
24 25 0
24 75 0
25 26 0
25 76 0
26 27 0
26 77 0
27 28 0
27 78 0
28 29 0
28 79 0
29 30 0
29 80 0
30 31 0
30 81 0
31 32 0
31 82 0
32 33 0
32 83 0
33 34 0
33 84 0
34 35 0
34 85 0
35 36 0
35 86 0
36 37 0
36 87 0
37 38 0
37 88 0
38 39 0
38 89 0
39 40 0
39 90 0
40 41 0
40 91 0
41 42 0
41 92 0
42 43 0
42 93 0
43 44 0
43 94 0
44 45 0
44 95 0
45 46 0
45 96 0
46 47 0
46 97 0
47 48 0
47 98 0
48 49 0
48 99 0
49 50 0
49 100 0
50 101 0
51 52 0
51 102 0
52 53 0
52 103 0
53 54 0
53 104 0
54 55 0
54 105 0
55 56 0
55 106 0
56 57 0
56 107 0
57 58 0
57 108 0
58 59 0
58 109 0
59 60 0
59 110 0
60 61 0
60 111 0
61 62 0
61 112 0
62 63 0
62 113 0
63 64 0
63 114 0
64 65 0
64 115 0
65 66 0
65 116 0
66 67 0
66 117 0
67 68 0
67 118 0
68 69 0
68 119 0
69 70 0
69 120 0
70 71 0
70 121 0
71 72 0
71 122 0
72 73 0
72 123 0
73 74 0
73 124 0
74 75 0
74 125 0
75 76 0
75 126 0
76 77 0
76 127 0
77 78 0
77 128 0
78 79 0
78 129 0
79 80 0
79 130 0
80 81 0
80 131 0
81 82 0
81 132 0
82 83 0
82 133 0
83 84 0
83 134 0
84 85 0
84 135 0
85 86 0
85 136 0
86 87 0
86 137 0
87 88 0
87 138 0
88 89 0
88 139 0
89 90 0
89 140 0
90 91 0
90 141 0
91 92 0
91 142 0
92 93 0
92 143 0
93 94 0
93 144 0
94 95 0
94 145 0
95 96 0
95 146 0
96 97 0
96 147 0
97 98 0
97 148 0
98 99 0
98 149 0
99 100 0
99 150 0
100 101 0
100 151 0
101 152 0
102 103 0
102 153 0
103 104 0
103 154 0
104 105 0
104 155 0
105 106 0
105 156 0
106 107 0
106 157 0
107 108 0
107 158 0
108 109 0
108 159 0
109 110 0
109 160 0
110 111 0
110 161 0
111 112 0
111 162 0
112 113 0
112 163 0
113 114 0
113 164 0
114 115 0
114 165 0
115 116 0
115 166 0
116 117 0
116 167 0
117 118 0
117 168 0
118 119 0
118 169 0
119 120 0
119 170 0
120 121 0
120 171 0
121 122 0
121 172 0
122 123 0
122 173 0
123 124 0
123 174 0
124 125 0
124 175 0
125 126 0
125 176 0
126 127 0
126 177 0
127 128 0
127 178 0
128 129 0
128 179 0
129 130 0
129 180 0
130 131 0
130 181 0
131 132 0
131 182 0
132 133 0
132 183 0
133 134 0
133 184 0
134 135 0
134 185 0
135 136 0
135 186 0
136 137 0
136 187 0
137 138 0
137 188 0
138 139 0
138 189 0
139 140 0
139 190 0
140 141 0
140 191 0
141 142 0
141 192 0
142 143 0
142 193 0
143 144 0
143 194 0
144 145 0
144 195 0
145 146 0
145 196 0
146 147 0
146 197 0
147 148 0
147 198 0
148 149 0
148 199 0
149 150 0
149 200 0
150 151 0
150 201 0
151 152 0
151 202 0
152 203 0
153 154 0
153 204 0
154 155 0
154 205 0
155 156 0
155 206 0
156 157 0
156 207 0
157 158 0
157 208 0
158 159 0
158 209 0
159 160 0
159 210 0
160 161 0
160 211 0
161 162 0
161 212 0
162 163 0
162 213 0
163 164 0
163 214 0
164 165 0
164 215 0
165 166 0
165 216 0
166 167 0
166 217 0
167 168 0
167 218 0
168 169 0
168 219 0
169 170 0
169 220 0
170 171 0
170 221 0
171 172 0
171 222 0
172 173 0
172 223 0
173 174 0
173 224 0
174 175 0
174 225 0
175 176 0
175 226 0
176 177 0
176 227 0
177 178 0
177 228 0
178 179 0
178 229 0
179 180 0
179 230 0
180 181 0
180 231 0
181 182 0
181 232 0
182 183 0
182 233 0
183 184 0
183 234 0
184 185 0
184 235 0
185 186 0
185 236 0
186 187 0
186 237 0
187 188 0
187 238 0
188 189 0
188 239 0
189 190 0
189 240 0
190 191 0
190 241 0
191 192 0
191 242 0
192 193 0
192 243 0
193 194 0
193 244 0
194 195 0
194 245 0
195 196 0
195 246 0
196 197 0
196 247 0
197 198 0
197 248 0
198 199 0
198 249 0
199 200 0
199 250 0
200 201 0
200 251 0
201 202 0
201 252 0
202 203 0
202 253 0
203 254 0
204 205 0
204 255 0
205 206 0
205 256 0
206 207 0
206 257 0
207 208 0
207 258 0
208 209 0
208 259 0
209 210 0
209 260 0
210 211 0
210 261 0
211 212 0
211 262 0
212 213 0
212 263 0
213 214 0
213 264 0
214 215 0
214 265 0
215 216 0
215 266 0
216 217 0
216 267 0
217 218 0
217 268 0
218 219 0
218 269 0
219 220 0
219 270 0
220 221 0
220 271 0
221 222 0
221 272 0
222 223 0
222 273 0
223 224 0
223 274 0
224 225 0
224 275 0
225 226 0
225 276 0
226 227 0
226 277 0
227 228 0
227 278 0
228 229 0
228 279 0
229 230 0
229 280 0
230 231 0
230 281 0
231 232 0
231 282 0
232 233 0
232 283 0
233 234 0
233 284 0
234 235 0
234 285 0
235 236 0
235 286 0
236 237 0
236 287 0
237 238 0
237 288 0
238 239 0
238 289 0
239 240 0
239 290 0
240 241 0
240 291 0
241 242 0
241 292 0
242 243 0
242 293 0
243 244 0
243 294 0
244 245 0
244 295 0
245 246 0
245 296 0
246 247 0
246 297 0
247 248 0
247 298 0
248 249 0
248 299 0
249 250 0
249 300 0
250 251 0
250 301 0
251 252 0
251 302 0
252 253 0
252 303 0
253 254 0
253 304 0
254 305 0
255 256 0
255 306 0
256 257 0
256 307 0
257 258 0
257 308 0
258 259 0
258 309 0
259 260 0
259 310 0
260 261 0
260 311 0
261 262 0
261 312 0
262 263 0
262 313 0
263 264 0
263 314 0
264 265 0
264 315 0
265 266 0
265 316 0
266 267 0
266 317 0
267 268 0
267 318 0
268 269 0
268 319 0
269 270 0
269 320 0
270 271 0
270 321 0
271 272 0
271 322 0
272 273 0
272 323 0
273 274 0
273 324 0
274 275 0
274 325 0
275 276 0
275 326 0
276 277 0
276 327 0
277 278 0
277 328 0
278 279 0
278 329 0
279 280 0
279 330 0
280 281 0
280 331 0
281 282 0
281 332 0
282 283 0
282 333 0
283 284 0
283 334 0
284 285 0
284 335 0
285 286 0
285 336 0
286 287 0
286 337 0
287 288 0
287 338 0
288 289 0
288 339 0
289 290 0
289 340 0
290 291 0
290 341 0
291 292 0
291 342 0
292 293 0
292 343 0
293 294 0
293 344 0
294 295 0
294 345 0
295 296 0
295 346 0
296 297 0
296 347 0
297 298 0
297 348 0
298 299 0
298 349 0
299 300 0
299 350 0
300 301 0
300 351 0
301 302 0
301 352 0
302 303 0
302 353 0
303 304 0
303 354 0
304 305 0
304 355 0
305 356 0
306 307 0
306 357 0
307 308 0
307 358 0
308 309 0
308 359 0
309 310 0
309 360 0
310 311 0
310 361 0
311 312 0
311 362 0
312 313 0
312 363 0
313 314 0
313 364 0
314 315 0
314 365 0
315 316 0
315 366 0
316 317 0
316 367 0
317 318 0
317 368 0
318 319 0
318 369 0
319 320 0
319 370 0
320 321 0
320 371 0
321 322 0
321 372 0
322 323 0
322 373 0
323 324 0
323 374 0
324 325 0
324 375 0
325 326 0
325 376 0
326 327 0
326 377 0
327 328 0
327 378 0
328 329 0
328 379 0
329 330 0
329 380 0
330 331 0
330 381 0
331 332 0
331 382 0
332 333 0
332 383 0
333 334 0
333 384 0
334 335 0
334 385 0
335 336 0
335 386 0
336 337 0
336 387 0
337 338 0
337 388 0
338 339 0
338 389 0
339 340 0
339 390 0
340 341 0
340 391 0
341 342 0
341 392 0
342 343 0
342 393 0
343 344 0
343 394 0
344 345 0
344 395 0
345 346 0
345 396 0
346 347 0
346 397 0
347 348 0
347 398 0
348 349 0
348 399 0
349 350 0
349 400 0
350 351 0
350 401 0
351 352 0
351 402 0
352 353 0
352 403 0
353 354 0
353 404 0
354 355 0
354 405 0
355 356 0
355 406 0
356 407 0
357 358 0
357 408 0
358 359 0
358 409 0
359 360 0
359 410 0
360 361 0
360 411 0
361 362 0
361 412 0
362 363 0
362 413 0
363 364 0
363 414 0
364 365 0
364 415 0
365 366 0
365 416 0
366 367 0
366 417 0
367 368 0
367 418 0
368 369 0
368 419 0
369 370 0
369 420 0
370 371 0
370 421 0
371 372 0
371 422 0
372 373 0
372 423 0
373 374 0
373 424 0
374 375 0
374 425 0
375 376 0
375 426 0
376 377 0
376 427 0
377 378 0
377 428 0
378 379 0
378 429 0
379 380 0
379 430 0
380 381 0
380 431 0
381 382 0
381 432 0
382 383 0
382 433 0
383 384 0
383 434 0
384 385 0
384 435 0
385 386 0
385 436 0
386 387 0
386 437 0
387 388 0
387 438 0
388 389 0
388 439 0
389 390 0
389 440 0
390 391 0
390 441 0
391 392 0
391 442 0
392 393 0
392 443 0
393 394 0
393 444 0
394 395 0
394 445 0
395 396 0
395 446 0
396 397 0
396 447 0
397 398 0
397 448 0
398 399 0
398 449 0
399 400 0
399 450 0
400 401 0
400 451 0
401 402 0
401 452 0
402 403 0
402 453 0
403 404 0
403 454 0
404 405 0
404 455 0
405 406 0
405 456 0
406 407 0
406 457 0
407 458 0
408 409 0
408 459 0
409 410 0
409 460 0
410 411 0
410 461 0
411 412 0
411 462 0
412 413 0
412 463 0
413 414 0
413 464 0
414 415 0
414 465 0
415 416 0
415 466 0
416 417 0
416 467 0
417 418 0
417 468 0
418 419 0
418 469 0
419 420 0
419 470 0
420 421 0
420 471 0
421 422 0
421 472 0
422 423 0
422 473 0
423 424 0
423 474 0
424 425 0
424 475 0
425 426 0
425 476 0
426 427 0
426 477 0
427 428 0
427 478 0
428 429 0
428 479 0
429 430 0
429 480 0
430 431 0
430 481 0
431 432 0
431 482 0
432 433 0
432 483 0
433 434 0
433 484 0
434 435 0
434 485 0
435 436 0
435 486 0
436 437 0
436 487 0
437 438 0
437 488 0
438 439 0
438 489 0
439 440 0
439 490 0
440 441 0
440 491 0
441 442 0
441 492 0
442 443 0
442 493 0
443 444 0
443 494 0
444 445 0
444 495 0
445 446 0
445 496 0
446 447 0
446 497 0
447 448 0
447 498 0
448 449 0
448 499 0
449 450 0
449 500 0
450 451 0
450 501 0
451 452 0
451 502 0
452 453 0
452 503 0
453 454 0
453 504 0
454 455 0
454 505 0
455 456 0
455 506 0
456 457 0
456 507 0
457 458 0
457 508 0
458 509 0
459 460 0
459 510 0
460 461 0
460 511 0
461 462 0
461 512 0
462 463 0
462 513 0
463 464 0
463 514 0
464 465 0
464 515 0
465 466 0
465 516 0
466 467 0
466 517 0
467 468 0
467 518 0
468 469 0
468 519 0
469 470 0
469 520 0
470 471 0
470 521 0
471 472 0
471 522 0
472 473 0
472 523 0
473 474 0
473 524 0
474 475 0
474 525 0
475 476 0
475 526 0
476 477 0
476 527 0
477 478 0
477 528 0
478 479 0
478 529 0
479 480 0
479 530 0
480 481 0
480 531 0
481 482 0
481 532 0
482 483 0
482 533 0
483 484 0
483 534 0
484 485 0
484 535 0
485 486 0
485 536 0
486 487 0
486 537 0
487 488 0
487 538 0
488 489 0
488 539 0
489 490 0
489 540 0
490 491 0
490 541 0
491 492 0
491 542 0
492 493 0
492 543 0
493 494 0
493 544 0
494 495 0
494 545 0
495 496 0
495 546 0
496 497 0
496 547 0
497 498 0
497 548 0
498 499 0
498 549 0
499 500 0
499 550 0
500 501 0
500 551 0
501 502 0
501 552 0
502 503 0
502 553 0
503 504 0
503 554 0
504 505 0
504 555 0
505 506 0
505 556 0
506 507 0
506 557 0
507 508 0
507 558 0
508 509 0
508 559 0
509 560 0
510 511 0
510 561 0
511 512 0
511 562 0
512 513 0
512 563 0
513 514 0
513 564 0
514 515 0
514 565 0
515 516 0
515 566 0
516 517 0
516 567 0
517 518 0
517 568 0
518 519 0
518 569 0
519 520 0
519 570 0
520 521 0
520 571 0
521 522 0
521 572 0
522 523 0
522 573 0
523 524 0
523 574 0
524 525 0
524 575 0
525 526 0
525 576 0
526 527 0
526 577 0
527 528 0
527 578 0
528 529 0
528 579 0
529 530 0
529 580 0
530 531 0
530 581 0
531 532 0
531 582 0
532 533 0
532 583 0
533 534 0
533 584 0
534 535 0
534 585 0
535 536 0
535 586 0
536 537 0
536 587 0
537 538 0
537 588 0
538 539 0
538 589 0
539 540 0
539 590 0
540 541 0
540 591 0
541 542 0
541 592 0
542 543 0
542 593 0
543 544 0
543 594 0
544 545 0
544 595 0
545 546 0
545 596 0
546 547 0
546 597 0
547 548 0
547 598 0
548 549 0
548 599 0
549 550 0
549 600 0
550 551 0
550 601 0
551 552 0
551 602 0
552 553 0
552 603 0
553 554 0
553 604 0
554 555 0
554 605 0
555 556 0
555 606 0
556 557 0
556 607 0
557 558 0
557 608 0
558 559 0
558 609 0
559 560 0
559 610 0
560 611 0
561 562 0
561 612 0
562 563 0
562 613 0
563 564 0
563 614 0
564 565 0
564 615 0
565 566 0
565 616 0
566 567 0
566 617 0
567 568 0
567 618 0
568 569 0
568 619 0
569 570 0
569 620 0
570 571 0
570 621 0
571 572 0
571 622 0
572 573 0
572 623 0
573 574 0
573 624 0
574 575 0
574 625 0
575 576 0
575 626 0
576 577 0
576 627 0
577 578 0
577 628 0
578 579 0
578 629 0
579 580 0
579 630 0
580 581 0
580 631 0
581 582 0
581 632 0
582 583 0
582 633 0
583 584 0
583 634 0
584 585 0
584 635 0
585 586 0
585 636 0
586 587 0
586 637 0
587 588 0
587 638 0
588 589 0
588 639 0
589 590 0
589 640 0
590 591 0
590 641 0
591 592 0
591 642 0
592 593 0
592 643 0
593 594 0
593 644 0
594 595 0
594 645 0
595 596 0
595 646 0
596 597 0
596 647 0
597 598 0
597 648 0
598 599 0
598 649 0
599 600 0
599 650 0
600 601 0
600 651 0
601 602 0
601 652 0
602 603 0
602 653 0
603 604 0
603 654 0
604 605 0
604 655 0
605 606 0
605 656 0
606 607 0
606 657 0
607 608 0
607 658 0
608 609 0
608 659 0
609 610 0
609 660 0
610 611 0
610 661 0
611 662 0
612 613 0
612 663 0
613 614 0
613 664 0
614 615 0
614 665 0
615 616 0
615 666 0
616 617 0
616 667 0
617 618 0
617 668 0
618 619 0
618 669 0
619 620 0
619 670 0
620 621 0
620 671 0
621 622 0
621 672 0
622 623 0
622 673 0
623 624 0
623 674 0
624 625 0
624 675 0
625 626 0
625 676 0
626 627 0
626 677 0
627 628 0
627 678 0
628 629 0
628 679 0
629 630 0
629 680 0
630 631 0
630 681 0
631 632 0
631 682 0
632 633 0
632 683 0
633 634 0
633 684 0
634 635 0
634 685 0
635 636 0
635 686 0
636 637 0
636 687 0
637 638 0
637 688 0
638 639 0
638 689 0
639 640 0
639 690 0
640 641 0
640 691 0
641 642 0
641 692 0
642 643 0
642 693 0
643 644 0
643 694 0
644 645 0
644 695 0
645 646 0
645 696 0
646 647 0
646 697 0
647 648 0
647 698 0
648 649 0
648 699 0
649 650 0
649 700 0
650 651 0
650 701 0
651 652 0
651 702 0
652 653 0
652 703 0
653 654 0
653 704 0
654 655 0
654 705 0
655 656 0
655 706 0
656 657 0
656 707 0
657 658 0
657 708 0
658 659 0
658 709 0
659 660 0
659 710 0
660 661 0
660 711 0
661 662 0
661 712 0
662 713 0
663 664 0
663 714 0
664 665 0
664 715 0
665 666 0
665 716 0
666 667 0
666 717 0
667 668 0
667 718 0
668 669 0
668 719 0
669 670 0
669 720 0
670 671 0
670 721 0
671 672 0
671 722 0
672 673 0
672 723 0
673 674 0
673 724 0
674 675 0
674 725 0
675 676 0
675 726 0
676 677 0
676 727 0
677 678 0
677 728 0
678 679 0
678 729 0
679 680 0
679 730 0
680 681 0
680 731 0
681 682 0
681 732 0
682 683 0
682 733 0
683 684 0
683 734 0
684 685 0
684 735 0
685 686 0
685 736 0
686 687 0
686 737 0
687 688 0
687 738 0
688 689 0
688 739 0
689 690 0
689 740 0
690 691 0
690 741 0
691 692 0
691 742 0
692 693 0
692 743 0
693 694 0
693 744 0
694 695 0
694 745 0
695 696 0
695 746 0
696 697 0
696 747 0
697 698 0
697 748 0
698 699 0
698 749 0
699 700 0
699 750 0
700 701 0
700 751 0
701 702 0
701 752 0
702 703 0
702 753 0
703 704 0
703 754 0
704 705 0
704 755 0
705 706 0
705 756 0
706 707 0
706 757 0
707 708 0
707 758 0
708 709 0
708 759 0
709 710 0
709 760 0
710 711 0
710 761 0
711 712 0
711 762 0
712 713 0
712 763 0
713 764 0
714 715 0
714 765 0
715 716 0
715 766 0
716 717 0
716 767 0
717 718 0
717 768 0
718 719 0
718 769 0
719 720 0
719 770 0
720 721 0
720 771 0
721 722 0
721 772 0
722 723 0
722 773 0
723 724 0
723 774 0
724 725 0
724 775 0
725 726 0
725 776 0
726 727 0
726 777 0
727 728 0
727 778 0
728 729 0
728 779 0
729 730 0
729 780 0
730 731 0
730 781 0
731 732 0
731 782 0
732 733 0
732 783 0
733 734 0
733 784 0
734 735 0
734 785 0
735 736 0
735 786 0
736 737 0
736 787 0
737 738 0
737 788 0
738 739 0
738 789 0
739 740 0
739 790 0
740 741 0
740 791 0
741 742 0
741 792 0
742 743 0
742 793 0
743 744 0
743 794 0
744 745 0
744 795 0
745 746 0
745 796 0
746 747 0
746 797 0
747 748 0
747 798 0
748 749 0
748 799 0
749 750 0
749 800 0
750 751 0
750 801 0
751 752 0
751 802 0
752 753 0
752 803 0
753 754 0
753 804 0
754 755 0
754 805 0
755 756 0
755 806 0
756 757 0
756 807 0
757 758 0
757 808 0
758 759 0
758 809 0
759 760 0
759 810 0
760 761 0
760 811 0
761 762 0
761 812 0
762 763 0
762 813 0
763 764 0
763 814 0
764 815 0
765 766 0
765 816 0
766 767 0
766 817 0
767 768 0
767 818 0
768 769 0
768 819 0
769 770 0
769 820 0
770 771 0
770 821 0
771 772 0
771 822 0
772 773 0
772 823 0
773 774 0
773 824 0
774 775 0
774 825 0
775 776 0
775 826 0
776 777 0
776 827 0
777 778 0
777 828 0
778 779 0
778 829 0
779 780 0
779 830 0
780 781 0
780 831 0
781 782 0
781 832 0
782 783 0
782 833 0
783 784 0
783 834 0
784 785 0
784 835 0
785 786 0
785 836 0
786 787 0
786 837 0
787 788 0
787 838 0
788 789 0
788 839 0
789 790 0
789 840 0
790 791 0
790 841 0
791 792 0
791 842 0
792 793 0
792 843 0
793 794 0
793 844 0
794 795 0
794 845 0
795 796 0
795 846 0
796 797 0
796 847 0
797 798 0
797 848 0
798 799 0
798 849 0
799 800 0
799 850 0
800 801 0
800 851 0
801 802 0
801 852 0
802 803 0
802 853 0
803 804 0
803 854 0
804 805 0
804 855 0
805 806 0
805 856 0
806 807 0
806 857 0
807 808 0
807 858 0
808 809 0
808 859 0
809 810 0
809 860 0
810 811 0
810 861 0
811 812 0
811 862 0
812 813 0
812 863 0
813 814 0
813 864 0
814 815 0
814 865 0
815 866 0
816 817 0
816 867 0
817 818 0
817 868 0
818 819 0
818 869 0
819 820 0
819 870 0
820 821 0
820 871 0
821 822 0
821 872 0
822 823 0
822 873 0
823 824 0
823 874 0
824 825 0
824 875 0
825 826 0
825 876 0
826 827 0
826 877 0
827 828 0
827 878 0
828 829 0
828 879 0
829 830 0
829 880 0
830 831 0
830 881 0
831 832 0
831 882 0
832 833 0
832 883 0
833 834 0
833 884 0
834 835 0
834 885 0
835 836 0
835 886 0
836 837 0
836 887 0
837 838 0
837 888 0
838 839 0
838 889 0
839 840 0
839 890 0
840 841 0
840 891 0
841 842 0
841 892 0
842 843 0
842 893 0
843 844 0
843 894 0
844 845 0
844 895 0
845 846 0
845 896 0
846 847 0
846 897 0
847 848 0
847 898 0
848 849 0
848 899 0
849 850 0
849 900 0
850 851 0
850 901 0
851 852 0
851 902 0
852 853 0
852 903 0
853 854 0
853 904 0
854 855 0
854 905 0
855 856 0
855 906 0
856 857 0
856 907 0
857 858 0
857 908 0
858 859 0
858 909 0
859 860 0
859 910 0
860 861 0
860 911 0
861 862 0
861 912 0
862 863 0
862 913 0
863 864 0
863 914 0
864 865 0
864 915 0
865 866 0
865 916 0
866 917 0
867 868 0
867 918 0
868 869 0
868 919 0
869 870 0
869 920 0
870 871 0
870 921 0
871 872 0
871 922 0
872 873 0
872 923 0
873 874 0
873 924 0
874 875 0
874 925 0
875 876 0
875 926 0
876 877 0
876 927 0
877 878 0
877 928 0
878 879 0
878 929 0
879 880 0
879 930 0
880 881 0
880 931 0
881 882 0
881 932 0
882 883 0
882 933 0
883 884 0
883 934 0
884 885 0
884 935 0
885 886 0
885 936 0
886 887 0
886 937 0
887 888 0
887 938 0
888 889 0
888 939 0
889 890 0
889 940 0
890 891 0
890 941 0
891 892 0
891 942 0
892 893 0
892 943 0
893 894 0
893 944 0
894 895 0
894 945 0
895 896 0
895 946 0
896 897 0
896 947 0
897 898 0
897 948 0
898 899 0
898 949 0
899 900 0
899 950 0
900 901 0
900 951 0
901 902 0
901 952 0
902 903 0
902 953 0
903 904 0
903 954 0
904 905 0
904 955 0
905 906 0
905 956 0
906 907 0
906 957 0
907 908 0
907 958 0
908 909 0
908 959 0
909 910 0
909 960 0
910 911 0
910 961 0
911 912 0
911 962 0
912 913 0
912 963 0
913 914 0
913 964 0
914 915 0
914 965 0
915 916 0
915 966 0
916 917 0
916 967 0
917 968 0
918 919 0
918 969 0
919 920 0
919 970 0
920 921 0
920 971 0
921 922 0
921 972 0
922 923 0
922 973 0
923 924 0
923 974 0
924 925 0
924 975 0
925 926 0
925 976 0
926 927 0
926 977 0
927 928 0
927 978 0
928 929 0
928 979 0
929 930 0
929 980 0
930 931 0
930 981 0
931 932 0
931 982 0
932 933 0
932 983 0
933 934 0
933 984 0
934 935 0
934 985 0
935 936 0
935 986 0
936 937 0
936 987 0
937 938 0
937 988 0
938 939 0
938 989 0
939 940 0
939 990 0
940 941 0
940 991 0
941 942 0
941 992 0
942 943 0
942 993 0
943 944 0
943 994 0
944 945 0
944 995 0
945 946 0
945 996 0
946 947 0
946 997 0
947 948 0
947 998 0
948 949 0
948 999 0
949 950 0
949 1000 0
950 951 0
950 1001 0
951 952 0
951 1002 0
952 953 0
952 1003 0
953 954 0
953 1004 0
954 955 0
954 1005 0
955 956 0
955 1006 0
956 957 0
956 1007 0
957 958 0
957 1008 0
958 959 0
958 1009 0
959 960 0
959 1010 0
960 961 0
960 1011 0
961 962 0
961 1012 0
962 963 0
962 1013 0
963 964 0
963 1014 0
964 965 0
964 1015 0
965 966 0
965 1016 0
966 967 0
966 1017 0
967 968 0
967 1018 0
968 1019 0
969 970 0
969 1020 0
970 971 0
970 1021 0
971 972 0
971 1022 0
972 973 0
972 1023 0
973 974 0
973 1024 0
974 975 0
974 1025 0
975 976 0
975 1026 0
976 977 0
976 1027 0
977 978 0
977 1028 0
978 979 0
978 1029 0
979 980 0
979 1030 0
980 981 0
980 1031 0
981 982 0
981 1032 0
982 983 0
982 1033 0
983 984 0
983 1034 0
984 985 0
984 1035 0
985 986 0
985 1036 0
986 987 0
986 1037 0
987 988 0
987 1038 0
988 989 0
988 1039 0
989 990 0
989 1040 0
990 991 0
990 1041 0
991 992 0
991 1042 0
992 993 0
992 1043 0
993 994 0
993 1044 0
994 995 0
994 1045 0
995 996 0
995 1046 0
996 997 0
996 1047 0
997 998 0
997 1048 0
998 999 0
998 1049 0
999 1000 0
999 1050 0
1000 1001 0
1000 1051 0
1001 1002 0
1001 1052 0
1002 1003 0
1002 1053 0
1003 1004 0
1003 1054 0
1004 1005 0
1004 1055 0
1005 1006 0
1005 1056 0
1006 1007 0
1006 1057 0
1007 1008 0
1007 1058 0
1008 1009 0
1008 1059 0
1009 1010 0
1009 1060 0
1010 1011 0
1010 1061 0
1011 1012 0
1011 1062 0
1012 1013 0
1012 1063 0
1013 1014 0
1013 1064 0
1014 1015 0
1014 1065 0
1015 1016 0
1015 1066 0
1016 1017 0
1016 1067 0
1017 1018 0
1017 1068 0
1018 1019 0
1018 1069 0
1019 1070 0
1020 1021 0
1020 1071 0
1021 1022 0
1021 1072 0
1022 1023 0
1022 1073 0
1023 1024 0
1023 1074 0
1024 1025 0
1024 1075 0
1025 1026 0
1025 1076 0
1026 1027 0
1026 1077 0
1027 1028 0
1027 1078 0
1028 1029 0
1028 1079 0
1029 1030 0
1029 1080 0
1030 1031 0
1030 1081 0
1031 1032 0
1031 1082 0
1032 1033 0
1032 1083 0
1033 1034 0
1033 1084 0
1034 1035 0
1034 1085 0
1035 1036 0
1035 1086 0
1036 1037 0
1036 1087 0
1037 1038 0
1037 1088 0
1038 1039 0
1038 1089 0
1039 1040 0
1039 1090 0
1040 1041 0
1040 1091 0
1041 1042 0
1041 1092 0
1042 1043 0
1042 1093 0
1043 1044 0
1043 1094 0
1044 1045 0
1044 1095 0
1045 1046 0
1045 1096 0
1046 1047 0
1046 1097 0
1047 1048 0
1047 1098 0
1048 1049 0
1048 1099 0
1049 1050 0
1049 1100 0
1050 1051 0
1050 1101 0
1051 1052 0
1051 1102 0
1052 1053 0
1052 1103 0
1053 1054 0
1053 1104 0
1054 1055 0
1054 1105 0
1055 1056 0
1055 1106 0
1056 1057 0
1056 1107 0
1057 1058 0
1057 1108 0
1058 1059 0
1058 1109 0
1059 1060 0
1059 1110 0
1060 1061 0
1060 1111 0
1061 1062 0
1061 1112 0
1062 1063 0
1062 1113 0
1063 1064 0
1063 1114 0
1064 1065 0
1064 1115 0
1065 1066 0
1065 1116 0
1066 1067 0
1066 1117 0
1067 1068 0
1067 1118 0
1068 1069 0
1068 1119 0
1069 1070 0
1069 1120 0
1070 1121 0
1071 1072 0
1071 1122 0
1072 1073 0
1072 1123 0
1073 1074 0
1073 1124 0
1074 1075 0
1074 1125 0
1075 1076 0
1075 1126 0
1076 1077 0
1076 1127 0
1077 1078 0
1077 1128 0
1078 1079 0
1078 1129 0
1079 1080 0
1079 1130 0
1080 1081 0
1080 1131 0
1081 1082 0
1081 1132 0
1082 1083 0
1082 1133 0
1083 1084 0
1083 1134 0
1084 1085 0
1084 1135 0
1085 1086 0
1085 1136 0
1086 1087 0
1086 1137 0
1087 1088 0
1087 1138 0
1088 1089 0
1088 1139 0
1089 1090 0
1089 1140 0
1090 1091 0
1090 1141 0
1091 1092 0
1091 1142 0
1092 1093 0
1092 1143 0
1093 1094 0
1093 1144 0
1094 1095 0
1094 1145 0
1095 1096 0
1095 1146 0
1096 1097 0
1096 1147 0
1097 1098 0
1097 1148 0
1098 1099 0
1098 1149 0
1099 1100 0
1099 1150 0
1100 1101 0
1100 1151 0
1101 1102 0
1101 1152 0
1102 1103 0
1102 1153 0
1103 1104 0
1103 1154 0
1104 1105 0
1104 1155 0
1105 1106 0
1105 1156 0
1106 1107 0
1106 1157 0
1107 1108 0
1107 1158 0
1108 1109 0
1108 1159 0
1109 1110 0
1109 1160 0
1110 1111 0
1110 1161 0
1111 1112 0
1111 1162 0
1112 1113 0
1112 1163 0
1113 1114 0
1113 1164 0
1114 1115 0
1114 1165 0
1115 1116 0
1115 1166 0
1116 1117 0
1116 1167 0
1117 1118 0
1117 1168 0
1118 1119 0
1118 1169 0
1119 1120 0
1119 1170 0
1120 1121 0
1120 1171 0
1121 1172 0
1122 1123 0
1122 1173 0
1123 1124 0
1123 1174 0
1124 1125 0
1124 1175 0
1125 1126 0
1125 1176 0
1126 1127 0
1126 1177 0
1127 1128 0
1127 1178 0
1128 1129 0
1128 1179 0
1129 1130 0
1129 1180 0
1130 1131 0
1130 1181 0
1131 1132 0
1131 1182 0
1132 1133 0
1132 1183 0
1133 1134 0
1133 1184 0
1134 1135 0
1134 1185 0
1135 1136 0
1135 1186 0
1136 1137 0
1136 1187 0
1137 1138 0
1137 1188 0
1138 1139 0
1138 1189 0
1139 1140 0
1139 1190 0
1140 1141 0
1140 1191 0
1141 1142 0
1141 1192 0
1142 1143 0
1142 1193 0
1143 1144 0
1143 1194 0
1144 1145 0
1144 1195 0
1145 1146 0
1145 1196 0
1146 1147 0
1146 1197 0
1147 1148 0
1147 1198 0
1148 1149 0
1148 1199 0
1149 1150 0
1149 1200 0
1150 1151 0
1150 1201 0
1151 1152 0
1151 1202 0
1152 1153 0
1152 1203 0
1153 1154 0
1153 1204 0
1154 1155 0
1154 1205 0
1155 1156 0
1155 1206 0
1156 1157 0
1156 1207 0
1157 1158 0
1157 1208 0
1158 1159 0
1158 1209 0
1159 1160 0
1159 1210 0
1160 1161 0
1160 1211 0
1161 1162 0
1161 1212 0
1162 1163 0
1162 1213 0
1163 1164 0
1163 1214 0
1164 1165 0
1164 1215 0
1165 1166 0
1165 1216 0
1166 1167 0
1166 1217 0
1167 1168 0
1167 1218 0
1168 1169 0
1168 1219 0
1169 1170 0
1169 1220 0
1170 1171 0
1170 1221 0
1171 1172 0
1171 1222 0
1172 1223 0
1173 1174 0
1173 1224 0
1174 1175 0
1174 1225 0
1175 1176 0
1175 1226 0
1176 1177 0
1176 1227 0
1177 1178 0
1177 1228 0
1178 1179 0
1178 1229 0
1179 1180 0
1179 1230 0
1180 1181 0
1180 1231 0
1181 1182 0
1181 1232 0
1182 1183 0
1182 1233 0
1183 1184 0
1183 1234 0
1184 1185 0
1184 1235 0
1185 1186 0
1185 1236 0
1186 1187 0
1186 1237 0
1187 1188 0
1187 1238 0
1188 1189 0
1188 1239 0
1189 1190 0
1189 1240 0
1190 1191 0
1190 1241 0
1191 1192 0
1191 1242 0
1192 1193 0
1192 1243 0
1193 1194 0
1193 1244 0
1194 1195 0
1194 1245 0
1195 1196 0
1195 1246 0
1196 1197 0
1196 1247 0
1197 1198 0
1197 1248 0
1198 1199 0
1198 1249 0
1199 1200 0
1199 1250 0
1200 1201 0
1200 1251 0
1201 1202 0
1201 1252 0
1202 1203 0
1202 1253 0
1203 1204 0
1203 1254 0
1204 1205 0
1204 1255 0
1205 1206 0
1205 1256 0
1206 1207 0
1206 1257 0
1207 1208 0
1207 1258 0
1208 1209 0
1208 1259 0
1209 1210 0
1209 1260 0
1210 1211 0
1210 1261 0
1211 1212 0
1211 1262 0
1212 1213 0
1212 1263 0
1213 1214 0
1213 1264 0
1214 1215 0
1214 1265 0
1215 1216 0
1215 1266 0
1216 1217 0
1216 1267 0
1217 1218 0
1217 1268 0
1218 1219 0
1218 1269 0
1219 1220 0
1219 1270 0
1220 1221 0
1220 1271 0
1221 1222 0
1221 1272 0
1222 1223 0
1222 1273 0
1223 1274 0
1224 1225 0
1224 1275 0
1225 1226 0
1225 1276 0
1226 1227 0
1226 1277 0
1227 1228 0
1227 1278 0
1228 1229 0
1228 1279 0
1229 1230 0
1229 1280 0
1230 1231 0
1230 1281 0
1231 1232 0
1231 1282 0
1232 1233 0
1232 1283 0
1233 1234 0
1233 1284 0
1234 1235 0
1234 1285 0
1235 1236 0
1235 1286 0
1236 1237 0
1236 1287 0
1237 1238 0
1237 1288 0
1238 1239 0
1238 1289 0
1239 1240 0
1239 1290 0
1240 1241 0
1240 1291 0
1241 1242 0
1241 1292 0
1242 1243 0
1242 1293 0
1243 1244 0
1243 1294 0
1244 1245 0
1244 1295 0
1245 1246 0
1245 1296 0
1246 1247 0
1246 1297 0
1247 1248 0
1247 1298 0
1248 1249 0
1248 1299 0
1249 1250 0
1249 1300 0
1250 1251 0
1250 1301 0
1251 1252 0
1251 1302 0
1252 1253 0
1252 1303 0
1253 1254 0
1253 1304 0
1254 1255 0
1254 1305 0
1255 1256 0
1255 1306 0
1256 1257 0
1256 1307 0
1257 1258 0
1257 1308 0
1258 1259 0
1258 1309 0
1259 1260 0
1259 1310 0
1260 1261 0
1260 1311 0
1261 1262 0
1261 1312 0
1262 1263 0
1262 1313 0
1263 1264 0
1263 1314 0
1264 1265 0
1264 1315 0
1265 1266 0
1265 1316 0
1266 1267 0
1266 1317 0
1267 1268 0
1267 1318 0
1268 1269 0
1268 1319 0
1269 1270 0
1269 1320 0
1270 1271 0
1270 1321 0
1271 1272 0
1271 1322 0
1272 1273 0
1272 1323 0
1273 1274 0
1273 1324 0
1274 1325 0
1275 1276 0
1275 1326 0
1276 1277 0
1276 1327 0
1277 1278 0
1277 1328 0
1278 1279 0
1278 1329 0
1279 1280 0
1279 1330 0
1280 1281 0
1280 1331 0
1281 1282 0
1281 1332 0
1282 1283 0
1282 1333 0
1283 1284 0
1283 1334 0
1284 1285 0
1284 1335 0
1285 1286 0
1285 1336 0
1286 1287 0
1286 1337 0
1287 1288 0
1287 1338 0
1288 1289 0
1288 1339 0
1289 1290 0
1289 1340 0
1290 1291 0
1290 1341 0
1291 1292 0
1291 1342 0
1292 1293 0
1292 1343 0
1293 1294 0
1293 1344 0
1294 1295 0
1294 1345 0
1295 1296 0
1295 1346 0
1296 1297 0
1296 1347 0
1297 1298 0
1297 1348 0
1298 1299 0
1298 1349 0
1299 1300 0
1299 1350 0
1300 1301 0
1300 1351 0
1301 1302 0
1301 1352 0
1302 1303 0
1302 1353 0
1303 1304 0
1303 1354 0
1304 1305 0
1304 1355 0
1305 1306 0
1305 1356 0
1306 1307 0
1306 1357 0
1307 1308 0
1307 1358 0
1308 1309 0
1308 1359 0
1309 1310 0
1309 1360 0
1310 1311 0
1310 1361 0
1311 1312 0
1311 1362 0
1312 1313 0
1312 1363 0
1313 1314 0
1313 1364 0
1314 1315 0
1314 1365 0
1315 1316 0
1315 1366 0
1316 1317 0
1316 1367 0
1317 1318 0
1317 1368 0
1318 1319 0
1318 1369 0
1319 1320 0
1319 1370 0
1320 1321 0
1320 1371 0
1321 1322 0
1321 1372 0
1322 1323 0
1322 1373 0
1323 1324 0
1323 1374 0
1324 1325 0
1324 1375 0
1325 1376 0
1326 1327 0
1326 1377 0
1327 1328 0
1327 1378 0
1328 1329 0
1328 1379 0
1329 1330 0
1329 1380 0
1330 1331 0
1330 1381 0
1331 1332 0
1331 1382 0
1332 1333 0
1332 1383 0
1333 1334 0
1333 1384 0
1334 1335 0
1334 1385 0
1335 1336 0
1335 1386 0
1336 1337 0
1336 1387 0
1337 1338 0
1337 1388 0
1338 1339 0
1338 1389 0
1339 1340 0
1339 1390 0
1340 1341 0
1340 1391 0
1341 1342 0
1341 1392 0
1342 1343 0
1342 1393 0
1343 1344 0
1343 1394 0
1344 1345 0
1344 1395 0
1345 1346 0
1345 1396 0
1346 1347 0
1346 1397 0
1347 1348 0
1347 1398 0
1348 1349 0
1348 1399 0
1349 1350 0
1349 1400 0
1350 1351 0
1350 1401 0
1351 1352 0
1351 1402 0
1352 1353 0
1352 1403 0
1353 1354 0
1353 1404 0
1354 1355 0
1354 1405 0
1355 1356 0
1355 1406 0
1356 1357 0
1356 1407 0
1357 1358 0
1357 1408 0
1358 1359 0
1358 1409 0
1359 1360 0
1359 1410 0
1360 1361 0
1360 1411 0
1361 1362 0
1361 1412 0
1362 1363 0
1362 1413 0
1363 1364 0
1363 1414 0
1364 1365 0
1364 1415 0
1365 1366 0
1365 1416 0
1366 1367 0
1366 1417 0
1367 1368 0
1367 1418 0
1368 1369 0
1368 1419 0
1369 1370 0
1369 1420 0
1370 1371 0
1370 1421 0
1371 1372 0
1371 1422 0
1372 1373 0
1372 1423 0
1373 1374 0
1373 1424 0
1374 1375 0
1374 1425 0
1375 1376 0
1375 1426 0
1376 1427 0
1377 1378 0
1377 1428 0
1378 1379 0
1378 1429 0
1379 1380 0
1379 1430 0
1380 1381 0
1380 1431 0
1381 1382 0
1381 1432 0
1382 1383 0
1382 1433 0
1383 1384 0
1383 1434 0
1384 1385 0
1384 1435 0
1385 1386 0
1385 1436 0
1386 1387 0
1386 1437 0
1387 1388 0
1387 1438 0
1388 1389 0
1388 1439 0
1389 1390 0
1389 1440 0
1390 1391 0
1390 1441 0
1391 1392 0
1391 1442 0
1392 1393 0
1392 1443 0
1393 1394 0
1393 1444 0
1394 1395 0
1394 1445 0
1395 1396 0
1395 1446 0
1396 1397 0
1396 1447 0
1397 1398 0
1397 1448 0
1398 1399 0
1398 1449 0
1399 1400 0
1399 1450 0
1400 1401 0
1400 1451 0
1401 1402 0
1401 1452 0
1402 1403 0
1402 1453 0
1403 1404 0
1403 1454 0
1404 1405 0
1404 1455 0
1405 1406 0
1405 1456 0
1406 1407 0
1406 1457 0
1407 1408 0
1407 1458 0
1408 1409 0
1408 1459 0
1409 1410 0
1409 1460 0
1410 1411 0
1410 1461 0
1411 1412 0
1411 1462 0
1412 1413 0
1412 1463 0
1413 1414 0
1413 1464 0
1414 1415 0
1414 1465 0
1415 1416 0
1415 1466 0
1416 1417 0
1416 1467 0
1417 1418 0
1417 1468 0
1418 1419 0
1418 1469 0
1419 1420 0
1419 1470 0
1420 1421 0
1420 1471 0
1421 1422 0
1421 1472 0
1422 1423 0
1422 1473 0
1423 1424 0
1423 1474 0
1424 1425 0
1424 1475 0
1425 1426 0
1425 1476 0
1426 1427 0
1426 1477 0
1427 1478 0
1428 1429 0
1428 1479 0
1429 1430 0
1429 1480 0
1430 1431 0
1430 1481 0
1431 1432 0
1431 1482 0
1432 1433 0
1432 1483 0
1433 1434 0
1433 1484 0
1434 1435 0
1434 1485 0
1435 1436 0
1435 1486 0
1436 1437 0
1436 1487 0
1437 1438 0
1437 1488 0
1438 1439 0
1438 1489 0
1439 1440 0
1439 1490 0
1440 1441 0
1440 1491 0
1441 1442 0
1441 1492 0
1442 1443 0
1442 1493 0
1443 1444 0
1443 1494 0
1444 1445 0
1444 1495 0
1445 1446 0
1445 1496 0
1446 1447 0
1446 1497 0
1447 1448 0
1447 1498 0
1448 1449 0
1448 1499 0
1449 1450 0
1449 1500 0
1450 1451 0
1450 1501 0
1451 1452 0
1451 1502 0
1452 1453 0
1452 1503 0
1453 1454 0
1453 1504 0
1454 1455 0
1454 1505 0
1455 1456 0
1455 1506 0
1456 1457 0
1456 1507 0
1457 1458 0
1457 1508 0
1458 1459 0
1458 1509 0
1459 1460 0
1459 1510 0
1460 1461 0
1460 1511 0
1461 1462 0
1461 1512 0
1462 1463 0
1462 1513 0
1463 1464 0
1463 1514 0
1464 1465 0
1464 1515 0
1465 1466 0
1465 1516 0
1466 1467 0
1466 1517 0
1467 1468 0
1467 1518 0
1468 1469 0
1468 1519 0
1469 1470 0
1469 1520 0
1470 1471 0
1470 1521 0
1471 1472 0
1471 1522 0
1472 1473 0
1472 1523 0
1473 1474 0
1473 1524 0
1474 1475 0
1474 1525 0
1475 1476 0
1475 1526 0
1476 1477 0
1476 1527 0
1477 1478 0
1477 1528 0
1478 1529 0
1479 1480 0
1479 1530 0
1480 1481 0
1480 1531 0
1481 1482 0
1481 1532 0
1482 1483 0
1482 1533 0
1483 1484 0
1483 1534 0
1484 1485 0
1484 1535 0
1485 1486 0
1485 1536 0
1486 1487 0
1486 1537 0
1487 1488 0
1487 1538 0
1488 1489 0
1488 1539 0
1489 1490 0
1489 1540 0
1490 1491 0
1490 1541 0
1491 1492 0
1491 1542 0
1492 1493 0
1492 1543 0
1493 1494 0
1493 1544 0
1494 1495 0
1494 1545 0
1495 1496 0
1495 1546 0
1496 1497 0
1496 1547 0
1497 1498 0
1497 1548 0
1498 1499 0
1498 1549 0
1499 1500 0
1499 1550 0
1500 1501 0
1500 1551 0
1501 1502 0
1501 1552 0
1502 1503 0
1502 1553 0
1503 1504 0
1503 1554 0
1504 1505 0
1504 1555 0
1505 1506 0
1505 1556 0
1506 1507 0
1506 1557 0
1507 1508 0
1507 1558 0
1508 1509 0
1508 1559 0
1509 1510 0
1509 1560 0
1510 1511 0
1510 1561 0
1511 1512 0
1511 1562 0
1512 1513 0
1512 1563 0
1513 1514 0
1513 1564 0
1514 1515 0
1514 1565 0
1515 1516 0
1515 1566 0
1516 1517 0
1516 1567 0
1517 1518 0
1517 1568 0
1518 1519 0
1518 1569 0
1519 1520 0
1519 1570 0
1520 1521 0
1520 1571 0
1521 1522 0
1521 1572 0
1522 1523 0
1522 1573 0
1523 1524 0
1523 1574 0
1524 1525 0
1524 1575 0
1525 1526 0
1525 1576 0
1526 1527 0
1526 1577 0
1527 1528 0
1527 1578 0
1528 1529 0
1528 1579 0
1529 1580 0
1530 1531 0
1530 1581 0
1531 1532 0
1531 1582 0
1532 1533 0
1532 1583 0
1533 1534 0
1533 1584 0
1534 1535 0
1534 1585 0
1535 1536 0
1535 1586 0
1536 1537 0
1536 1587 0
1537 1538 0
1537 1588 0
1538 1539 0
1538 1589 0
1539 1540 0
1539 1590 0
1540 1541 0
1540 1591 0
1541 1542 0
1541 1592 0
1542 1543 0
1542 1593 0
1543 1544 0
1543 1594 0
1544 1545 0
1544 1595 0
1545 1546 0
1545 1596 0
1546 1547 0
1546 1597 0
1547 1548 0
1547 1598 0
1548 1549 0
1548 1599 0
1549 1550 0
1549 1600 0
1550 1551 0
1550 1601 0
1551 1552 0
1551 1602 0
1552 1553 0
1552 1603 0
1553 1554 0
1553 1604 0
1554 1555 0
1554 1605 0
1555 1556 0
1555 1606 0
1556 1557 0
1556 1607 0
1557 1558 0
1557 1608 0
1558 1559 0
1558 1609 0
1559 1560 0
1559 1610 0
1560 1561 0
1560 1611 0
1561 1562 0
1561 1612 0
1562 1563 0
1562 1613 0
1563 1564 0
1563 1614 0
1564 1565 0
1564 1615 0
1565 1566 0
1565 1616 0
1566 1567 0
1566 1617 0
1567 1568 0
1567 1618 0
1568 1569 0
1568 1619 0
1569 1570 0
1569 1620 0
1570 1571 0
1570 1621 0
1571 1572 0
1571 1622 0
1572 1573 0
1572 1623 0
1573 1574 0
1573 1624 0
1574 1575 0
1574 1625 0
1575 1576 0
1575 1626 0
1576 1577 0
1576 1627 0
1577 1578 0
1577 1628 0
1578 1579 0
1578 1629 0
1579 1580 0
1579 1630 0
1580 1631 0
1581 1582 0
1581 1632 0
1582 1583 0
1582 1633 0
1583 1584 0
1583 1634 0
1584 1585 0
1584 1635 0
1585 1586 0
1585 1636 0
1586 1587 0
1586 1637 0
1587 1588 0
1587 1638 0
1588 1589 0
1588 1639 0
1589 1590 0
1589 1640 0
1590 1591 0
1590 1641 0
1591 1592 0
1591 1642 0
1592 1593 0
1592 1643 0
1593 1594 0
1593 1644 0
1594 1595 0
1594 1645 0
1595 1596 0
1595 1646 0
1596 1597 0
1596 1647 0
1597 1598 0
1597 1648 0
1598 1599 0
1598 1649 0
1599 1600 0
1599 1650 0
1600 1601 0
1600 1651 0
1601 1602 0
1601 1652 0
1602 1603 0
1602 1653 0
1603 1604 0
1603 1654 0
1604 1605 0
1604 1655 0
1605 1606 0
1605 1656 0
1606 1607 0
1606 1657 0
1607 1608 0
1607 1658 0
1608 1609 0
1608 1659 0
1609 1610 0
1609 1660 0
1610 1611 0
1610 1661 0
1611 1612 0
1611 1662 0
1612 1613 0
1612 1663 0
1613 1614 0
1613 1664 0
1614 1615 0
1614 1665 0
1615 1616 0
1615 1666 0
1616 1617 0
1616 1667 0
1617 1618 0
1617 1668 0
1618 1619 0
1618 1669 0
1619 1620 0
1619 1670 0
1620 1621 0
1620 1671 0
1621 1622 0
1621 1672 0
1622 1623 0
1622 1673 0
1623 1624 0
1623 1674 0
1624 1625 0
1624 1675 0
1625 1626 0
1625 1676 0
1626 1627 0
1626 1677 0
1627 1628 0
1627 1678 0
1628 1629 0
1628 1679 0
1629 1630 0
1629 1680 0
1630 1631 0
1630 1681 0
1631 1682 0
1632 1633 0
1632 1683 0
1633 1634 0
1633 1684 0
1634 1635 0
1634 1685 0
1635 1636 0
1635 1686 0
1636 1637 0
1636 1687 0
1637 1638 0
1637 1688 0
1638 1639 0
1638 1689 0
1639 1640 0
1639 1690 0
1640 1641 0
1640 1691 0
1641 1642 0
1641 1692 0
1642 1643 0
1642 1693 0
1643 1644 0
1643 1694 0
1644 1645 0
1644 1695 0
1645 1646 0
1645 1696 0
1646 1647 0
1646 1697 0
1647 1648 0
1647 1698 0
1648 1649 0
1648 1699 0
1649 1650 0
1649 1700 0
1650 1651 0
1650 1701 0
1651 1652 0
1651 1702 0
1652 1653 0
1652 1703 0
1653 1654 0
1653 1704 0
1654 1655 0
1654 1705 0
1655 1656 0
1655 1706 0
1656 1657 0
1656 1707 0
1657 1658 0
1657 1708 0
1658 1659 0
1658 1709 0
1659 1660 0
1659 1710 0
1660 1661 0
1660 1711 0
1661 1662 0
1661 1712 0
1662 1663 0
1662 1713 0
1663 1664 0
1663 1714 0
1664 1665 0
1664 1715 0
1665 1666 0
1665 1716 0
1666 1667 0
1666 1717 0
1667 1668 0
1667 1718 0
1668 1669 0
1668 1719 0
1669 1670 0
1669 1720 0
1670 1671 0
1670 1721 0
1671 1672 0
1671 1722 0
1672 1673 0
1672 1723 0
1673 1674 0
1673 1724 0
1674 1675 0
1674 1725 0
1675 1676 0
1675 1726 0
1676 1677 0
1676 1727 0
1677 1678 0
1677 1728 0
1678 1679 0
1678 1729 0
1679 1680 0
1679 1730 0
1680 1681 0
1680 1731 0
1681 1682 0
1681 1732 0
1682 1733 0
1683 1684 0
1683 1734 0
1684 1685 0
1684 1735 0
1685 1686 0
1685 1736 0
1686 1687 0
1686 1737 0
1687 1688 0
1687 1738 0
1688 1689 0
1688 1739 0
1689 1690 0
1689 1740 0
1690 1691 0
1690 1741 0
1691 1692 0
1691 1742 0
1692 1693 0
1692 1743 0
1693 1694 0
1693 1744 0
1694 1695 0
1694 1745 0
1695 1696 0
1695 1746 0
1696 1697 0
1696 1747 0
1697 1698 0
1697 1748 0
1698 1699 0
1698 1749 0
1699 1700 0
1699 1750 0
1700 1701 0
1700 1751 0
1701 1702 0
1701 1752 0
1702 1703 0
1702 1753 0
1703 1704 0
1703 1754 0
1704 1705 0
1704 1755 0
1705 1706 0
1705 1756 0
1706 1707 0
1706 1757 0
1707 1708 0
1707 1758 0
1708 1709 0
1708 1759 0
1709 1710 0
1709 1760 0
1710 1711 0
1710 1761 0
1711 1712 0
1711 1762 0
1712 1713 0
1712 1763 0
1713 1714 0
1713 1764 0
1714 1715 0
1714 1765 0
1715 1716 0
1715 1766 0
1716 1717 0
1716 1767 0
1717 1718 0
1717 1768 0
1718 1719 0
1718 1769 0
1719 1720 0
1719 1770 0
1720 1721 0
1720 1771 0
1721 1722 0
1721 1772 0
1722 1723 0
1722 1773 0
1723 1724 0
1723 1774 0
1724 1725 0
1724 1775 0
1725 1726 0
1725 1776 0
1726 1727 0
1726 1777 0
1727 1728 0
1727 1778 0
1728 1729 0
1728 1779 0
1729 1730 0
1729 1780 0
1730 1731 0
1730 1781 0
1731 1732 0
1731 1782 0
1732 1733 0
1732 1783 0
1733 1784 0
1734 1735 0
1734 1785 0
1735 1736 0
1735 1786 0
1736 1737 0
1736 1787 0
1737 1738 0
1737 1788 0
1738 1739 0
1738 1789 0
1739 1740 0
1739 1790 0
1740 1741 0
1740 1791 0
1741 1742 0
1741 1792 0
1742 1743 0
1742 1793 0
1743 1744 0
1743 1794 0
1744 1745 0
1744 1795 0
1745 1746 0
1745 1796 0
1746 1747 0
1746 1797 0
1747 1748 0
1747 1798 0
1748 1749 0
1748 1799 0
1749 1750 0
1749 1800 0
1750 1751 0
1750 1801 0
1751 1752 0
1751 1802 0
1752 1753 0
1752 1803 0
1753 1754 0
1753 1804 0
1754 1755 0
1754 1805 0
1755 1756 0
1755 1806 0
1756 1757 0
1756 1807 0
1757 1758 0
1757 1808 0
1758 1759 0
1758 1809 0
1759 1760 0
1759 1810 0
1760 1761 0
1760 1811 0
1761 1762 0
1761 1812 0
1762 1763 0
1762 1813 0
1763 1764 0
1763 1814 0
1764 1765 0
1764 1815 0
1765 1766 0
1765 1816 0
1766 1767 0
1766 1817 0
1767 1768 0
1767 1818 0
1768 1769 0
1768 1819 0
1769 1770 0
1769 1820 0
1770 1771 0
1770 1821 0
1771 1772 0
1771 1822 0
1772 1773 0
1772 1823 0
1773 1774 0
1773 1824 0
1774 1775 0
1774 1825 0
1775 1776 0
1775 1826 0
1776 1777 0
1776 1827 0
1777 1778 0
1777 1828 0
1778 1779 0
1778 1829 0
1779 1780 0
1779 1830 0
1780 1781 0
1780 1831 0
1781 1782 0
1781 1832 0
1782 1783 0
1782 1833 0
1783 1784 0
1783 1834 0
1784 1835 0
1785 1786 0
1785 1836 0
1786 1787 0
1786 1837 0
1787 1788 0
1787 1838 0
1788 1789 0
1788 1839 0
1789 1790 0
1789 1840 0
1790 1791 0
1790 1841 0
1791 1792 0
1791 1842 0
1792 1793 0
1792 1843 0
1793 1794 0
1793 1844 0
1794 1795 0
1794 1845 0
1795 1796 0
1795 1846 0
1796 1797 0
1796 1847 0
1797 1798 0
1797 1848 0
1798 1799 0
1798 1849 0
1799 1800 0
1799 1850 0
1800 1801 0
1800 1851 0
1801 1802 0
1801 1852 0
1802 1803 0
1802 1853 0
1803 1804 0
1803 1854 0
1804 1805 0
1804 1855 0
1805 1806 0
1805 1856 0
1806 1807 0
1806 1857 0
1807 1808 0
1807 1858 0
1808 1809 0
1808 1859 0
1809 1810 0
1809 1860 0
1810 1811 0
1810 1861 0
1811 1812 0
1811 1862 0
1812 1813 0
1812 1863 0
1813 1814 0
1813 1864 0
1814 1815 0
1814 1865 0
1815 1816 0
1815 1866 0
1816 1817 0
1816 1867 0
1817 1818 0
1817 1868 0
1818 1819 0
1818 1869 0
1819 1820 0
1819 1870 0
1820 1821 0
1820 1871 0
1821 1822 0
1821 1872 0
1822 1823 0
1822 1873 0
1823 1824 0
1823 1874 0
1824 1825 0
1824 1875 0
1825 1826 0
1825 1876 0
1826 1827 0
1826 1877 0
1827 1828 0
1827 1878 0
1828 1829 0
1828 1879 0
1829 1830 0
1829 1880 0
1830 1831 0
1830 1881 0
1831 1832 0
1831 1882 0
1832 1833 0
1832 1883 0
1833 1834 0
1833 1884 0
1834 1835 0
1834 1885 0
1835 1886 0
1836 1837 0
1836 1887 0
1837 1838 0
1837 1888 0
1838 1839 0
1838 1889 0
1839 1840 0
1839 1890 0
1840 1841 0
1840 1891 0
1841 1842 0
1841 1892 0
1842 1843 0
1842 1893 0
1843 1844 0
1843 1894 0
1844 1845 0
1844 1895 0
1845 1846 0
1845 1896 0
1846 1847 0
1846 1897 0
1847 1848 0
1847 1898 0
1848 1849 0
1848 1899 0
1849 1850 0
1849 1900 0
1850 1851 0
1850 1901 0
1851 1852 0
1851 1902 0
1852 1853 0
1852 1903 0
1853 1854 0
1853 1904 0
1854 1855 0
1854 1905 0
1855 1856 0
1855 1906 0
1856 1857 0
1856 1907 0
1857 1858 0
1857 1908 0
1858 1859 0
1858 1909 0
1859 1860 0
1859 1910 0
1860 1861 0
1860 1911 0
1861 1862 0
1861 1912 0
1862 1863 0
1862 1913 0
1863 1864 0
1863 1914 0
1864 1865 0
1864 1915 0
1865 1866 0
1865 1916 0
1866 1867 0
1866 1917 0
1867 1868 0
1867 1918 0
1868 1869 0
1868 1919 0
1869 1870 0
1869 1920 0
1870 1871 0
1870 1921 0
1871 1872 0
1871 1922 0
1872 1873 0
1872 1923 0
1873 1874 0
1873 1924 0
1874 1875 0
1874 1925 0
1875 1876 0
1875 1926 0
1876 1877 0
1876 1927 0
1877 1878 0
1877 1928 0
1878 1879 0
1878 1929 0
1879 1880 0
1879 1930 0
1880 1881 0
1880 1931 0
1881 1882 0
1881 1932 0
1882 1883 0
1882 1933 0
1883 1884 0
1883 1934 0
1884 1885 0
1884 1935 0
1885 1886 0
1885 1936 0
1886 1937 0
1887 1888 0
1887 1938 0
1888 1889 0
1888 1939 0
1889 1890 0
1889 1940 0
1890 1891 0
1890 1941 0
1891 1892 0
1891 1942 0
1892 1893 0
1892 1943 0
1893 1894 0
1893 1944 0
1894 1895 0
1894 1945 0
1895 1896 0
1895 1946 0
1896 1897 0
1896 1947 0
1897 1898 0
1897 1948 0
1898 1899 0
1898 1949 0
1899 1900 0
1899 1950 0
1900 1901 0
1900 1951 0
1901 1902 0
1901 1952 0
1902 1903 0
1902 1953 0
1903 1904 0
1903 1954 0
1904 1905 0
1904 1955 0
1905 1906 0
1905 1956 0
1906 1907 0
1906 1957 0
1907 1908 0
1907 1958 0
1908 1909 0
1908 1959 0
1909 1910 0
1909 1960 0
1910 1911 0
1910 1961 0
1911 1912 0
1911 1962 0
1912 1913 0
1912 1963 0
1913 1914 0
1913 1964 0
1914 1915 0
1914 1965 0
1915 1916 0
1915 1966 0
1916 1917 0
1916 1967 0
1917 1918 0
1917 1968 0
1918 1919 0
1918 1969 0
1919 1920 0
1919 1970 0
1920 1921 0
1920 1971 0
1921 1922 0
1921 1972 0
1922 1923 0
1922 1973 0
1923 1924 0
1923 1974 0
1924 1925 0
1924 1975 0
1925 1926 0
1925 1976 0
1926 1927 0
1926 1977 0
1927 1928 0
1927 1978 0
1928 1929 0
1928 1979 0
1929 1930 0
1929 1980 0
1930 1931 0
1930 1981 0
1931 1932 0
1931 1982 0
1932 1933 0
1932 1983 0
1933 1934 0
1933 1984 0
1934 1935 0
1934 1985 0
1935 1936 0
1935 1986 0
1936 1937 0
1936 1987 0
1937 1988 0
1938 1939 0
1938 1989 0
1939 1940 0
1939 1990 0
1940 1941 0
1940 1991 0
1941 1942 0
1941 1992 0
1942 1943 0
1942 1993 0
1943 1944 0
1943 1994 0
1944 1945 0
1944 1995 0
1945 1946 0
1945 1996 0
1946 1947 0
1946 1997 0
1947 1948 0
1947 1998 0
1948 1949 0
1948 1999 0
1949 1950 0
1949 2000 0
1950 1951 0
1950 2001 0
1951 1952 0
1951 2002 0
1952 1953 0
1952 2003 0
1953 1954 0
1953 2004 0
1954 1955 0
1954 2005 0
1955 1956 0
1955 2006 0
1956 1957 0
1956 2007 0
1957 1958 0
1957 2008 0
1958 1959 0
1958 2009 0
1959 1960 0
1959 2010 0
1960 1961 0
1960 2011 0
1961 1962 0
1961 2012 0
1962 1963 0
1962 2013 0
1963 1964 0
1963 2014 0
1964 1965 0
1964 2015 0
1965 1966 0
1965 2016 0
1966 1967 0
1966 2017 0
1967 1968 0
1967 2018 0
1968 1969 0
1968 2019 0
1969 1970 0
1969 2020 0
1970 1971 0
1970 2021 0
1971 1972 0
1971 2022 0
1972 1973 0
1972 2023 0
1973 1974 0
1973 2024 0
1974 1975 0
1974 2025 0
1975 1976 0
1975 2026 0
1976 1977 0
1976 2027 0
1977 1978 0
1977 2028 0
1978 1979 0
1978 2029 0
1979 1980 0
1979 2030 0
1980 1981 0
1980 2031 0
1981 1982 0
1981 2032 0
1982 1983 0
1982 2033 0
1983 1984 0
1983 2034 0
1984 1985 0
1984 2035 0
1985 1986 0
1985 2036 0
1986 1987 0
1986 2037 0
1987 1988 0
1987 2038 0
1988 2039 0
1989 1990 0
1989 2040 0
1990 1991 0
1990 2041 0
1991 1992 0
1991 2042 0
1992 1993 0
1992 2043 0
1993 1994 0
1993 2044 0
1994 1995 0
1994 2045 0
1995 1996 0
1995 2046 0
1996 1997 0
1996 2047 0
1997 1998 0
1997 2048 0
1998 1999 0
1998 2049 0
1999 2000 0
1999 2050 0
2000 2001 0
2000 2051 0
2001 2002 0
2001 2052 0
2002 2003 0
2002 2053 0
2003 2004 0
2003 2054 0
2004 2005 0
2004 2055 0
2005 2006 0
2005 2056 0
2006 2007 0
2006 2057 0
2007 2008 0
2007 2058 0
2008 2009 0
2008 2059 0
2009 2010 0
2009 2060 0
2010 2011 0
2010 2061 0
2011 2012 0
2011 2062 0
2012 2013 0
2012 2063 0
2013 2014 0
2013 2064 0
2014 2015 0
2014 2065 0
2015 2016 0
2015 2066 0
2016 2017 0
2016 2067 0
2017 2018 0
2017 2068 0
2018 2019 0
2018 2069 0
2019 2020 0
2019 2070 0
2020 2021 0
2020 2071 0
2021 2022 0
2021 2072 0
2022 2023 0
2022 2073 0
2023 2024 0
2023 2074 0
2024 2025 0
2024 2075 0
2025 2026 0
2025 2076 0
2026 2027 0
2026 2077 0
2027 2028 0
2027 2078 0
2028 2029 0
2028 2079 0
2029 2030 0
2029 2080 0
2030 2031 0
2030 2081 0
2031 2032 0
2031 2082 0
2032 2033 0
2032 2083 0
2033 2034 0
2033 2084 0
2034 2035 0
2034 2085 0
2035 2036 0
2035 2086 0
2036 2037 0
2036 2087 0
2037 2038 0
2037 2088 0
2038 2039 0
2038 2089 0
2039 2090 0
2040 2041 0
2040 2091 0
2041 2042 0
2041 2092 0
2042 2043 0
2042 2093 0
2043 2044 0
2043 2094 0
2044 2045 0
2044 2095 0
2045 2046 0
2045 2096 0
2046 2047 0
2046 2097 0
2047 2048 0
2047 2098 0
2048 2049 0
2048 2099 0
2049 2050 0
2049 2100 0
2050 2051 0
2050 2101 0
2051 2052 0
2051 2102 0
2052 2053 0
2052 2103 0
2053 2054 0
2053 2104 0
2054 2055 0
2054 2105 0
2055 2056 0
2055 2106 0
2056 2057 0
2056 2107 0
2057 2058 0
2057 2108 0
2058 2059 0
2058 2109 0
2059 2060 0
2059 2110 0
2060 2061 0
2060 2111 0
2061 2062 0
2061 2112 0
2062 2063 0
2062 2113 0
2063 2064 0
2063 2114 0
2064 2065 0
2064 2115 0
2065 2066 0
2065 2116 0
2066 2067 0
2066 2117 0
2067 2068 0
2067 2118 0
2068 2069 0
2068 2119 0
2069 2070 0
2069 2120 0
2070 2071 0
2070 2121 0
2071 2072 0
2071 2122 0
2072 2073 0
2072 2123 0
2073 2074 0
2073 2124 0
2074 2075 0
2074 2125 0
2075 2076 0
2075 2126 0
2076 2077 0
2076 2127 0
2077 2078 0
2077 2128 0
2078 2079 0
2078 2129 0
2079 2080 0
2079 2130 0
2080 2081 0
2080 2131 0
2081 2082 0
2081 2132 0
2082 2083 0
2082 2133 0
2083 2084 0
2083 2134 0
2084 2085 0
2084 2135 0
2085 2086 0
2085 2136 0
2086 2087 0
2086 2137 0
2087 2088 0
2087 2138 0
2088 2089 0
2088 2139 0
2089 2090 0
2089 2140 0
2090 2141 0
2091 2092 0
2091 2142 0
2092 2093 0
2092 2143 0
2093 2094 0
2093 2144 0
2094 2095 0
2094 2145 0
2095 2096 0
2095 2146 0
2096 2097 0
2096 2147 0
2097 2098 0
2097 2148 0
2098 2099 0
2098 2149 0
2099 2100 0
2099 2150 0
2100 2101 0
2100 2151 0
2101 2102 0
2101 2152 0
2102 2103 0
2102 2153 0
2103 2104 0
2103 2154 0
2104 2105 0
2104 2155 0
2105 2106 0
2105 2156 0
2106 2107 0
2106 2157 0
2107 2108 0
2107 2158 0
2108 2109 0
2108 2159 0
2109 2110 0
2109 2160 0
2110 2111 0
2110 2161 0
2111 2112 0
2111 2162 0
2112 2113 0
2112 2163 0
2113 2114 0
2113 2164 0
2114 2115 0
2114 2165 0
2115 2116 0
2115 2166 0
2116 2117 0
2116 2167 0
2117 2118 0
2117 2168 0
2118 2119 0
2118 2169 0
2119 2120 0
2119 2170 0
2120 2121 0
2120 2171 0
2121 2122 0
2121 2172 0
2122 2123 0
2122 2173 0
2123 2124 0
2123 2174 0
2124 2125 0
2124 2175 0
2125 2126 0
2125 2176 0
2126 2127 0
2126 2177 0
2127 2128 0
2127 2178 0
2128 2129 0
2128 2179 0
2129 2130 0
2129 2180 0
2130 2131 0
2130 2181 0
2131 2132 0
2131 2182 0
2132 2133 0
2132 2183 0
2133 2134 0
2133 2184 0
2134 2135 0
2134 2185 0
2135 2136 0
2135 2186 0
2136 2137 0
2136 2187 0
2137 2138 0
2137 2188 0
2138 2139 0
2138 2189 0
2139 2140 0
2139 2190 0
2140 2141 0
2140 2191 0
2141 2192 0
2142 2143 0
2142 2193 0
2143 2144 0
2143 2194 0
2144 2145 0
2144 2195 0
2145 2146 0
2145 2196 0
2146 2147 0
2146 2197 0
2147 2148 0
2147 2198 0
2148 2149 0
2148 2199 0
2149 2150 0
2149 2200 0
2150 2151 0
2150 2201 0
2151 2152 0
2151 2202 0
2152 2153 0
2152 2203 0
2153 2154 0
2153 2204 0
2154 2155 0
2154 2205 0
2155 2156 0
2155 2206 0
2156 2157 0
2156 2207 0
2157 2158 0
2157 2208 0
2158 2159 0
2158 2209 0
2159 2160 0
2159 2210 0
2160 2161 0
2160 2211 0
2161 2162 0
2161 2212 0
2162 2163 0
2162 2213 0
2163 2164 0
2163 2214 0
2164 2165 0
2164 2215 0
2165 2166 0
2165 2216 0
2166 2167 0
2166 2217 0
2167 2168 0
2167 2218 0
2168 2169 0
2168 2219 0
2169 2170 0
2169 2220 0
2170 2171 0
2170 2221 0
2171 2172 0
2171 2222 0
2172 2173 0
2172 2223 0
2173 2174 0
2173 2224 0
2174 2175 0
2174 2225 0
2175 2176 0
2175 2226 0
2176 2177 0
2176 2227 0
2177 2178 0
2177 2228 0
2178 2179 0
2178 2229 0
2179 2180 0
2179 2230 0
2180 2181 0
2180 2231 0
2181 2182 0
2181 2232 0
2182 2183 0
2182 2233 0
2183 2184 0
2183 2234 0
2184 2185 0
2184 2235 0
2185 2186 0
2185 2236 0
2186 2187 0
2186 2237 0
2187 2188 0
2187 2238 0
2188 2189 0
2188 2239 0
2189 2190 0
2189 2240 0
2190 2191 0
2190 2241 0
2191 2192 0
2191 2242 0
2192 2243 0
2193 2194 0
2193 2244 0
2194 2195 0
2194 2245 0
2195 2196 0
2195 2246 0
2196 2197 0
2196 2247 0
2197 2198 0
2197 2248 0
2198 2199 0
2198 2249 0
2199 2200 0
2199 2250 0
2200 2201 0
2200 2251 0
2201 2202 0
2201 2252 0
2202 2203 0
2202 2253 0
2203 2204 0
2203 2254 0
2204 2205 0
2204 2255 0
2205 2206 0
2205 2256 0
2206 2207 0
2206 2257 0
2207 2208 0
2207 2258 0
2208 2209 0
2208 2259 0
2209 2210 0
2209 2260 0
2210 2211 0
2210 2261 0
2211 2212 0
2211 2262 0
2212 2213 0
2212 2263 0
2213 2214 0
2213 2264 0
2214 2215 0
2214 2265 0
2215 2216 0
2215 2266 0
2216 2217 0
2216 2267 0
2217 2218 0
2217 2268 0
2218 2219 0
2218 2269 0
2219 2220 0
2219 2270 0
2220 2221 0
2220 2271 0
2221 2222 0
2221 2272 0
2222 2223 0
2222 2273 0
2223 2224 0
2223 2274 0
2224 2225 0
2224 2275 0
2225 2226 0
2225 2276 0
2226 2227 0
2226 2277 0
2227 2228 0
2227 2278 0
2228 2229 0
2228 2279 0
2229 2230 0
2229 2280 0
2230 2231 0
2230 2281 0
2231 2232 0
2231 2282 0
2232 2233 0
2232 2283 0
2233 2234 0
2233 2284 0
2234 2235 0
2234 2285 0
2235 2236 0
2235 2286 0
2236 2237 0
2236 2287 0
2237 2238 0
2237 2288 0
2238 2239 0
2238 2289 0
2239 2240 0
2239 2290 0
2240 2241 0
2240 2291 0
2241 2242 0
2241 2292 0
2242 2243 0
2242 2293 0
2243 2294 0
2244 2245 0
2244 2295 0
2245 2246 0
2245 2296 0
2246 2247 0
2246 2297 0
2247 2248 0
2247 2298 0
2248 2249 0
2248 2299 0
2249 2250 0
2249 2300 0
2250 2251 0
2250 2301 0
2251 2252 0
2251 2302 0
2252 2253 0
2252 2303 0
2253 2254 0
2253 2304 0
2254 2255 0
2254 2305 0
2255 2256 0
2255 2306 0
2256 2257 0
2256 2307 0
2257 2258 0
2257 2308 0
2258 2259 0
2258 2309 0
2259 2260 0
2259 2310 0
2260 2261 0
2260 2311 0
2261 2262 0
2261 2312 0
2262 2263 0
2262 2313 0
2263 2264 0
2263 2314 0
2264 2265 0
2264 2315 0
2265 2266 0
2265 2316 0
2266 2267 0
2266 2317 0
2267 2268 0
2267 2318 0
2268 2269 0
2268 2319 0
2269 2270 0
2269 2320 0
2270 2271 0
2270 2321 0
2271 2272 0
2271 2322 0
2272 2273 0
2272 2323 0
2273 2274 0
2273 2324 0
2274 2275 0
2274 2325 0
2275 2276 0
2275 2326 0
2276 2277 0
2276 2327 0
2277 2278 0
2277 2328 0
2278 2279 0
2278 2329 0
2279 2280 0
2279 2330 0
2280 2281 0
2280 2331 0
2281 2282 0
2281 2332 0
2282 2283 0
2282 2333 0
2283 2284 0
2283 2334 0
2284 2285 0
2284 2335 0
2285 2286 0
2285 2336 0
2286 2287 0
2286 2337 0
2287 2288 0
2287 2338 0
2288 2289 0
2288 2339 0
2289 2290 0
2289 2340 0
2290 2291 0
2290 2341 0
2291 2292 0
2291 2342 0
2292 2293 0
2292 2343 0
2293 2294 0
2293 2344 0
2294 2345 0
2295 2296 0
2295 2346 0
2296 2297 0
2296 2347 0
2297 2298 0
2297 2348 0
2298 2299 0
2298 2349 0
2299 2300 0
2299 2350 0
2300 2301 0
2300 2351 0
2301 2302 0
2301 2352 0
2302 2303 0
2302 2353 0
2303 2304 0
2303 2354 0
2304 2305 0
2304 2355 0
2305 2306 0
2305 2356 0
2306 2307 0
2306 2357 0
2307 2308 0
2307 2358 0
2308 2309 0
2308 2359 0
2309 2310 0
2309 2360 0
2310 2311 0
2310 2361 0
2311 2312 0
2311 2362 0
2312 2313 0
2312 2363 0
2313 2314 0
2313 2364 0
2314 2315 0
2314 2365 0
2315 2316 0
2315 2366 0
2316 2317 0
2316 2367 0
2317 2318 0
2317 2368 0
2318 2319 0
2318 2369 0
2319 2320 0
2319 2370 0
2320 2321 0
2320 2371 0
2321 2322 0
2321 2372 0
2322 2323 0
2322 2373 0
2323 2324 0
2323 2374 0
2324 2325 0
2324 2375 0
2325 2326 0
2325 2376 0
2326 2327 0
2326 2377 0
2327 2328 0
2327 2378 0
2328 2329 0
2328 2379 0
2329 2330 0
2329 2380 0
2330 2331 0
2330 2381 0
2331 2332 0
2331 2382 0
2332 2333 0
2332 2383 0
2333 2334 0
2333 2384 0
2334 2335 0
2334 2385 0
2335 2336 0
2335 2386 0
2336 2337 0
2336 2387 0
2337 2338 0
2337 2388 0
2338 2339 0
2338 2389 0
2339 2340 0
2339 2390 0
2340 2341 0
2340 2391 0
2341 2342 0
2341 2392 0
2342 2343 0
2342 2393 0
2343 2344 0
2343 2394 0
2344 2345 0
2344 2395 0
2345 2396 0
2346 2347 0
2346 2397 0
2347 2348 0
2347 2398 0
2348 2349 0
2348 2399 0
2349 2350 0
2349 2400 0
2350 2351 0
2350 2401 0
2351 2352 0
2351 2402 0
2352 2353 0
2352 2403 0
2353 2354 0
2353 2404 0
2354 2355 0
2354 2405 0
2355 2356 0
2355 2406 0
2356 2357 0
2356 2407 0
2357 2358 0
2357 2408 0
2358 2359 0
2358 2409 0
2359 2360 0
2359 2410 0
2360 2361 0
2360 2411 0
2361 2362 0
2361 2412 0
2362 2363 0
2362 2413 0
2363 2364 0
2363 2414 0
2364 2365 0
2364 2415 0
2365 2366 0
2365 2416 0
2366 2367 0
2366 2417 0
2367 2368 0
2367 2418 0
2368 2369 0
2368 2419 0
2369 2370 0
2369 2420 0
2370 2371 0
2370 2421 0
2371 2372 0
2371 2422 0
2372 2373 0
2372 2423 0
2373 2374 0
2373 2424 0
2374 2375 0
2374 2425 0
2375 2376 0
2375 2426 0
2376 2377 0
2376 2427 0
2377 2378 0
2377 2428 0
2378 2379 0
2378 2429 0
2379 2380 0
2379 2430 0
2380 2381 0
2380 2431 0
2381 2382 0
2381 2432 0
2382 2383 0
2382 2433 0
2383 2384 0
2383 2434 0
2384 2385 0
2384 2435 0
2385 2386 0
2385 2436 0
2386 2387 0
2386 2437 0
2387 2388 0
2387 2438 0
2388 2389 0
2388 2439 0
2389 2390 0
2389 2440 0
2390 2391 0
2390 2441 0
2391 2392 0
2391 2442 0
2392 2393 0
2392 2443 0
2393 2394 0
2393 2444 0
2394 2395 0
2394 2445 0
2395 2396 0
2395 2446 0
2396 2447 0
2397 2398 0
2397 2448 0
2398 2399 0
2398 2449 0
2399 2400 0
2399 2450 0
2400 2401 0
2400 2451 0
2401 2402 0
2401 2452 0
2402 2403 0
2402 2453 0
2403 2404 0
2403 2454 0
2404 2405 0
2404 2455 0
2405 2406 0
2405 2456 0
2406 2407 0
2406 2457 0
2407 2408 0
2407 2458 0
2408 2409 0
2408 2459 0
2409 2410 0
2409 2460 0
2410 2411 0
2410 2461 0
2411 2412 0
2411 2462 0
2412 2413 0
2412 2463 0
2413 2414 0
2413 2464 0
2414 2415 0
2414 2465 0
2415 2416 0
2415 2466 0
2416 2417 0
2416 2467 0
2417 2418 0
2417 2468 0
2418 2419 0
2418 2469 0
2419 2420 0
2419 2470 0
2420 2421 0
2420 2471 0
2421 2422 0
2421 2472 0
2422 2423 0
2422 2473 0
2423 2424 0
2423 2474 0
2424 2425 0
2424 2475 0
2425 2426 0
2425 2476 0
2426 2427 0
2426 2477 0
2427 2428 0
2427 2478 0
2428 2429 0
2428 2479 0
2429 2430 0
2429 2480 0
2430 2431 0
2430 2481 0
2431 2432 0
2431 2482 0
2432 2433 0
2432 2483 0
2433 2434 0
2433 2484 0
2434 2435 0
2434 2485 0
2435 2436 0
2435 2486 0
2436 2437 0
2436 2487 0
2437 2438 0
2437 2488 0
2438 2439 0
2438 2489 0
2439 2440 0
2439 2490 0
2440 2441 0
2440 2491 0
2441 2442 0
2441 2492 0
2442 2443 0
2442 2493 0
2443 2444 0
2443 2494 0
2444 2445 0
2444 2495 0
2445 2446 0
2445 2496 0
2446 2447 0
2446 2497 0
2447 2498 0
2448 2449 0
2448 2499 0
2449 2450 0
2449 2500 0
2450 2451 0
2450 2501 0
2451 2452 0
2451 2502 0
2452 2453 0
2452 2503 0
2453 2454 0
2453 2504 0
2454 2455 0
2454 2505 0
2455 2456 0
2455 2506 0
2456 2457 0
2456 2507 0
2457 2458 0
2457 2508 0
2458 2459 0
2458 2509 0
2459 2460 0
2459 2510 0
2460 2461 0
2460 2511 0
2461 2462 0
2461 2512 0
2462 2463 0
2462 2513 0
2463 2464 0
2463 2514 0
2464 2465 0
2464 2515 0
2465 2466 0
2465 2516 0
2466 2467 0
2466 2517 0
2467 2468 0
2467 2518 0
2468 2469 0
2468 2519 0
2469 2470 0
2469 2520 0
2470 2471 0
2470 2521 0
2471 2472 0
2471 2522 0
2472 2473 0
2472 2523 0
2473 2474 0
2473 2524 0
2474 2475 0
2474 2525 0
2475 2476 0
2475 2526 0
2476 2477 0
2476 2527 0
2477 2478 0
2477 2528 0
2478 2479 0
2478 2529 0
2479 2480 0
2479 2530 0
2480 2481 0
2480 2531 0
2481 2482 0
2481 2532 0
2482 2483 0
2482 2533 0
2483 2484 0
2483 2534 0
2484 2485 0
2484 2535 0
2485 2486 0
2485 2536 0
2486 2487 0
2486 2537 0
2487 2488 0
2487 2538 0
2488 2489 0
2488 2539 0
2489 2490 0
2489 2540 0
2490 2491 0
2490 2541 0
2491 2492 0
2491 2542 0
2492 2493 0
2492 2543 0
2493 2494 0
2493 2544 0
2494 2495 0
2494 2545 0
2495 2496 0
2495 2546 0
2496 2497 0
2496 2547 0
2497 2498 0
2497 2548 0
2498 2549 0
2499 2500 0
2499 2550 0
2500 2501 0
2500 2551 0
2501 2502 0
2501 2552 0
2502 2503 0
2502 2553 0
2503 2504 0
2503 2554 0
2504 2505 0
2504 2555 0
2505 2506 0
2505 2556 0
2506 2507 0
2506 2557 0
2507 2508 0
2507 2558 0
2508 2509 0
2508 2559 0
2509 2510 0
2509 2560 0
2510 2511 0
2510 2561 0
2511 2512 0
2511 2562 0
2512 2513 0
2512 2563 0
2513 2514 0
2513 2564 0
2514 2515 0
2514 2565 0
2515 2516 0
2515 2566 0
2516 2517 0
2516 2567 0
2517 2518 0
2517 2568 0
2518 2519 0
2518 2569 0
2519 2520 0
2519 2570 0
2520 2521 0
2520 2571 0
2521 2522 0
2521 2572 0
2522 2523 0
2522 2573 0
2523 2524 0
2523 2574 0
2524 2525 0
2524 2575 0
2525 2526 0
2525 2576 0
2526 2527 0
2526 2577 0
2527 2528 0
2527 2578 0
2528 2529 0
2528 2579 0
2529 2530 0
2529 2580 0
2530 2531 0
2530 2581 0
2531 2532 0
2531 2582 0
2532 2533 0
2532 2583 0
2533 2534 0
2533 2584 0
2534 2535 0
2534 2585 0
2535 2536 0
2535 2586 0
2536 2537 0
2536 2587 0
2537 2538 0
2537 2588 0
2538 2539 0
2538 2589 0
2539 2540 0
2539 2590 0
2540 2541 0
2540 2591 0
2541 2542 0
2541 2592 0
2542 2543 0
2542 2593 0
2543 2544 0
2543 2594 0
2544 2545 0
2544 2595 0
2545 2546 0
2545 2596 0
2546 2547 0
2546 2597 0
2547 2548 0
2547 2598 0
2548 2549 0
2548 2599 0
2549 2600 0
2550 2551 0
2551 2552 0
2552 2553 0
2553 2554 0
2554 2555 0
2555 2556 0
2556 2557 0
2557 2558 0
2558 2559 0
2559 2560 0
2560 2561 0
2561 2562 0
2562 2563 0
2563 2564 0
2564 2565 0
2565 2566 0
2566 2567 0
2567 2568 0
2568 2569 0
2569 2570 0
2570 2571 0
2571 2572 0
2572 2573 0
2573 2574 0
2574 2575 0
2575 2576 0
2576 2577 0
2577 2578 0
2578 2579 0
2579 2580 0
2580 2581 0
2581 2582 0
2582 2583 0
2583 2584 0
2584 2585 0
2585 2586 0
2586 2587 0
2587 2588 0
2588 2589 0
2589 2590 0
2590 2591 0
2591 2592 0
2592 2593 0
2593 2594 0
2594 2595 0
2595 2596 0
2596 2597 0
2597 2598 0
2598 2599 0
2599 2600 0
